"property_id"|"AG"|"CP"|"DCK"|"DCK2"|"DCKC"|"ENC"|"GAR"|"LA"|"LA1"|"LA2"|"OP"|"OP2"|"OPP"|"PA"|"PAC"|"PTO"|"RMS"|"RSH"|"RSW"|"SPA"|"UTL"|"UTL2"|"WD"|"WDD"|"year_built"|"acres"|"eff_front"|"eff_depth"|"value"
1001|240|0|200|0|0|0|0|1241|0|0|64|0|0|0|0|0|0|0|0|0|0|0|0|0|2001|0.0869|0|0|160860
1002|462|0|0|0|0|0|0|1889|0|0|89|0|0|40|0|0|0|0|0|0|60|0|0|0|1984|0.2363|0|0|210390
1003|455|0|0|0|0|0|0|1712|0|0|280|0|0|99|0|0|0|0|0|0|53|0|0|0|1984|0.1543|56|120|181040
1004|438|0|0|0|0|0|0|1629|0|0|50|0|0|263.5|80|0|0|0|0|0|54|0|0|0|1984|0.1515|55|120|192180
1005|438|0|0|0|0|0|0|1211|0|527|264|0|0|0|0|0|0|0|0|0|0|0|0|0|1984|0.1653|60|120|189430
1006|462|0|0|0|0|0|0|1763.5|0|0|245.5|0|0|116|0|0|0|0|0|0|60|0|0|0|1984|0.1653|60|120|169840
1007|630|0|0|0|0|0|0|1792|0|0|80|0|0|154|0|0|0|0|0|0|0|0|0|0|1993|0.1791|65|120|190070
1008|0|0|0|0|0|0|484|1344|0|980|156|0|0|0|0|0|0|0|0|0|0|0|0|0|1984|0.2069|0|0|211130
1009|541.5|0|228|0|0|0|0|2196.5|0|0|85|0|0|0|0|0|0|80|0|0|0|0|0|0|1993|0.274|0|0|228670
1010|616|0|0|0|0|0|0|2364|0|0|686.5|0|0|0|0|0|0|0|480|1|0|0|0|0|2012|0.3492|0|0|307280
1011|400|0|700|0|0|0|0|1418|0|1836|26|0|98|150|0|0|0|140|0|0|0|0|0|0|1998|0.2196|0|0|271620
1012|400|0|0|0|0|0|0|1452|0|2000|24|0|0|100|0|0|0|0|0|0|0|0|0|0|1997|0.1942|0|0|269480
1013|400|0|0|0|0|0|0|2259|0|0|196|0|0|0|0|0|0|0|0|0|0|0|0|0|1998|0.1944|0|0|227390
1014|379|0|0|0|0|0|0|1583|0|1817|40|0|0|100|0|0|0|0|0|0|0|0|0|0|1999|0.2186|0|0|276000
1015|400|0|542|0|0|0|0|2369|0|0|36|0|0|0|0|0|0|0|0|0|0|0|0|0|2000|0.1947|0|0|229510
1016|420|0|0|0|0|0|0|1565|0|1996|24|0|0|92|0|0|0|0|0|0|0|0|0|0|2000|0.2099|0|0|287770
1017|420|0|0|0|0|0|0|2395|0|0|37|0|0|100|0|0|0|0|0|0|0|0|0|0|1998|0.2093|0|0|235090
1018|380|0|0|0|0|0|0|2006|0|1202|28|0|0|600|0|0|0|0|420|0|0|0|0|0|2001|0.2213|0|0|298190
1019|400|0|0|0|0|0|0|1358|0|1653|264|0|0|0|0|0|0|140|0|0|0|0|0|0|1999|0.2135|0|0|257860
1020|399|0|0|0|0|0|0|1981|0|1205|50|0|0|48|120|0|0|140|0|0|0|0|0|0|1999|0.2097|0|0|269300
1021|532|0|0|0|0|0|0|896|0|1008|115|0|0|432|0|0|1|0|0|0|0|0|0|0|1984|0.1867|0|0|203010
1022|567|0|0|0|0|0|0|1165|0|804|8|0|0|212|0|0|0|0|0|0|0|0|0|0|1984|0.1719|0|0|203850
1023|0|0|0|0|0|0|484|1344|0|980|156|0|0|0|0|0|0|120|0|0|0|0|0|0|1984|0.1896|70|118|204790
1024|560|0|256|0|0|0|0|896|0|1008|44|0|0|160|0|0|0|0|480|1|0|0|0|0|1985|0.2211|0|0|226940
1025|484|0|0|0|0|0|0|1730|0|0|78|0|0|50|0|0|0|0|0|0|0|0|0|0|1984|0.2139|0|0|202440
1026|528|0|0|0|0|208|0|1484|0|0|9|0|0|0|0|0|0|0|0|0|0|0|0|0|1984|0.2029|0|0|183540
1027|559|0|0|0|0|0|0|1531.5|0|0|106|0|0|109.5|0|0|0|0|0|0|80|0|0|0|1984|0.1839|0|0|191540
1028|507|0|0|0|0|0|0|1886|0|0|69.5|0|0|0|0|0|0|0|0|0|60|0|0|0|1984|0.1708|62|120|212380
1029|438|0|0|0|0|0|0|1629|0|0|50|0|0|120|0|0|0|0|0|0|54|0|0|0|1984|0.1653|60|120|193710
1030|484|0|0|0|0|0|0|1238|96|465|48|0|0|300|0|0|0|0|0|0|0|0|0|0|1983|0.1713|0|0|192600
1031|441|0|0|0|0|0|0|1569|0|0|25|0|0|0|168|0|0|0|0|0|0|0|0|0|1983|0.1804|0|0|189980
1032|488|0|200|0|0|0|0|1786|0|0|25|0|0|156|0|0|0|0|0|0|0|0|0|0|1983|0.1653|60|120|205580
1033|420|0|0|0|0|0|0|1838|0|0|20|0|0|90|0|0|0|0|0|0|0|0|0|0|1986|0.1942|0|0|201240
1034|575|0|0|0|0|0|0|1579|0|1209|140|0|0|119|0|540|0|0|0|0|0|0|0|0|1985|0.2116|0|0|255500
1035|462|0|0|0|0|0|0|2499|0|0|181|0|0|0|0|0|0|0|378|1|0|0|0|0|1985|0.2149|0|0|269410
1036|400|0|0|0|0|0|0|1729|0|687|50|0|0|100|0|0|0|0|0|0|0|0|0|0|1985|0.1994|0|0|231050
1037|0|0|210|0|0|0|484|1344|0|980|156|0|0|0|0|0|0|0|0|0|0|0|0|0|1984|0.2316|0|0|230700
1038|420|0|0|0|0|0|0|2139|0|0|304|0|0|0|0|0|0|0|0|0|45|0|0|0|1984|0.1944|70|121|225530
1039|483|0|0|0|0|0|0|1308|0|756|80|0|0|494|0|0|0|0|0|0|0|0|0|0|1983|0.1667|60|121|217390
1040|484|0|0|0|0|0|0|1706|0|0|12|0|0|100|0|0|0|0|0|0|36|0|0|0|1984|0.1605|0|0|192540
1041|462|0|0|0|0|0|0|1572|0|744|63|24|0|100|0|0|0|0|0|0|57|0|0|0|1984|0.1899|0|0|228200
1042|476|0|0|0|0|0|0|1618|0|0|40|0|0|0|224|0|0|0|0|0|0|0|0|0|1983|0.1795|0|0|194880
1043|420|0|0|0|0|0|0|1493|0|0|90|0|0|252|0|0|0|0|0|0|81|0|0|0|1983|0.1762|0|0|186520
1044|483|0|0|0|0|0|0|1813.5|0|0|102|0|0|316.5|0|0|0|0|0|0|0|0|0|0|1983|0.1736|61|124|185590
1045|438|0|0|0|0|0|0|1176|0|499|90|0|0|216|0|0|0|0|0|0|35|0|0|0|1984|0.2103|0|0|193060
1046|476|0|0|0|0|0|0|1664|0|0|40|0|0|140|0|0|0|0|0|0|0|0|0|0|1983|0.2511|0|0|199780
1047|462|0|0|0|0|0|0|1889|227|0|69.5|0|0|0|310|0|0|0|0|1|60|0|0|0|1983|0.217|69|137|236320
1048|476|0|0|0|0|0|0|1664|0|0|40|0|0|0|370|0|0|0|0|0|0|0|0|0|1983|0.2101|0|0|201480
1049|476|0|0|0|0|0|0|1664|0|0|40|0|0|140|0|0|0|0|0|0|0|0|0|0|1983|0.1694|61|121|195010
1050|484|0|216|0|0|0|0|1238|0|465|90|0|0|0|0|0|0|0|0|0|0|0|0|0|1983|0.1897|0|0|170380
1051|462|0|0|0|0|0|0|1538|0|740|93|0|0|240|0|0|0|0|0|0|57|160|0|0|1984|0.1977|0|0|231760
1052|484|0|352|0|0|0|0|1794|0|0|90|0|0|0|0|0|0|0|0|0|36|0|0|0|1984|0.194|0|0|204250
1053|462|0|0|0|0|0|0|1294|0|754|10|0|0|212|0|0|0|0|0|0|0|0|0|0|1984|0.1653|60|120|206620
1054|420|0|0|0|0|0|0|2139|0|0|72|0|0|648|0|0|0|0|0|0|45|0|0|0|1984|0.2189|0|0|226820
1055|0|0|0|0|0|0|484|1344|0|980|156|0|0|0|0|0|0|0|0|0|0|0|0|0|1984|0.1992|0|0|204940
1056|0|0|435|0|0|0|0|1691|484|0|153|0|0|100|0|0|0|100|0|0|36|0|0|0|1984|0.1653|60|120|219410
1057|464|0|0|0|0|0|0|1572|0|744|63|24|0|100|320|0|0|0|0|0|57|0|0|0|1984|0.1653|60|120|230880
1058|450|0|0|0|0|0|0|1939|0|0|89|0|0|0|360|0|0|0|0|1|0|0|0|0|1983|0.2851|0|0|227120
1059|444|0|0|0|0|0|0|1564|0|0|50|0|0|140|0|0|0|0|0|0|48|0|0|0|1984|0.2379|0|0|185480
1060|438|0|0|0|0|0|0|1176|0|660|90|0|0|216|0|0|0|0|0|0|35|0|0|0|1984|0.1969|0|0|195520
1061|462|0|0|0|0|0|0|1889|0|0|89|0|0|40|0|0|0|0|0|0|60|0|0|0|1983|0.1928|70|120|213910
1062|420|0|120|0|0|0|0|2139|0|0|384|0|0|0|0|0|0|0|0|0|45|0|0|0|1984|0.2458|0|0|237430
1063|500|0|0|0|0|0|0|1817.5|0|0|77|0|0|136.5|16.5|0|0|96|0|0|0|0|0|0|1983|0.2435|0|0|211780
1064|476|0|0|0|0|0|0|1664|0|0|40|0|0|140|0|0|0|0|0|0|0|0|0|0|1983|0.1873|0|0|196150
1065|358|0|0|0|0|0|0|1677.5|0|0|60|0|0|109|0|0|0|0|0|0|0|0|0|0|1984|0.1873|0|0|195340
1066|444|0|0|0|0|0|0|1564|0|0|50|0|0|140|0|0|0|0|0|0|48|0|0|0|1984|0.1873|0|0|190520
1067|580|0|0|0|0|0|0|1531.5|0|0|95|0|0|5|0|0|0|0|0|0|176|0|0|0|1984|0.1873|0|0|194790
1068|462|0|0|0|0|0|0|1312|0|754|108|0|0|100|0|0|0|0|0|0|0|0|0|0|1984|0.1873|0|0|188130
1069|420|0|0|0|0|0|0|2139|0|0|328|0|0|340|0|0|0|0|0|0|45|0|0|0|1984|0.1818|66|120|226820
1070|477|0|0|0|0|0|0|951|0|958|115|0|0|64|0|0|0|0|0|0|0|0|0|0|1984|0.2097|0|0|202210
1071|462|0|0|0|0|0|0|1572|0|768|63|0|0|100|0|0|0|96|0|0|57|0|0|0|1984|0.2115|0|0|231350
1072|0|0|0|0|0|0|484|1344|0|980|156|0|0|0|0|0|0|0|0|0|0|0|0|0|1984|0.2301|0|0|237010
1073|438|0|0|0|0|0|0|1176|0|499|48|0|0|216|0|0|0|0|0|0|35|0|0|0|1984|0.2115|0|0|168710
1074|462|0|0|0|0|0|0|1807.5|0|0|105|0|0|4.5|0|0|0|0|0|0|0|0|0|0|1983|0.2234|0|0|207870
1075|462|0|0|0|0|0|0|1889|0|0|44|0|0|40|0|0|0|0|0|0|60|0|0|0|1984|0.1928|0|0|191060
1076|444|0|0|0|0|0|0|1564|0|0|50|0|0|140|0|0|0|0|0|0|48|0|0|0|1984|0.1791|65|120|189930
1077|438|0|0|0|216|0|0|1176|0|499|90|0|0|0|0|0|0|0|0|0|35|0|0|0|1984|0.1653|60|120|193600
1078|440|0|0|0|0|0|0|1807|0|0|85|0|0|36|0|0|0|0|0|0|60|0|0|0|1984|0.1791|65|120|207060
1079|462|0|0|0|0|0|0|1292.5|0|754|10|0|0|212|0|0|0|0|0|0|0|0|0|0|1984|0.1653|60|120|206520
1080|420|0|0|0|0|0|0|2139|0|0|80|0|0|0|0|0|0|0|0|0|45|0|0|0|1984|0.1791|65|120|221730
1081|519|0|0|0|0|0|0|1491|0|0|20|0|0|100|140|0|0|24|0|0|0|0|0|0|1985|0.1653|60|120|173420
1082|484|0|0|0|0|0|0|2054|0|0|30|0|0|0|0|0|0|0|0|0|36|0|0|0|1984|0.1791|65|120|216270
1083|462|0|0|0|0|0|0|1292.5|0|754|10|0|0|212|0|0|0|0|0|0|0|0|0|0|1984|0.1653|60|120|206520
1084|0|0|0|0|0|0|484|1344|0|980|156|0|0|0|0|0|0|0|0|0|0|0|0|0|1984|0.1873|0|0|203610
1085|440|0|100|0|0|0|0|1949|0|0|89|0|0|0|0|0|0|0|0|1|0|0|0|0|1984|0.2285|0|0|221270
1086|484|0|0|174|0|0|0|1457|0|515|90|0|0|0|0|0|0|0|0|0|0|0|0|0|1984|0.1653|60|120|204330
1087|500|0|0|0|0|0|0|1786|0|0|126|0|0|80|0|0|0|0|0|0|0|0|0|0|1985|0.1791|65|120|205320
1088|418|0|0|0|0|0|0|1607|0|666|347|0|0|0|0|0|0|100|0|0|0|0|0|0|1984|0.1653|60|120|225410
1089|440|0|0|0|0|0|0|2479|0|0|138|0|0|0|0|0|0|0|0|0|0|0|192|0|1988|0.1791|65|120|245220
1090|420|0|0|0|386|0|0|2583|0|0|35|0|0|64|0|0|0|144|0|0|0|0|0|0|1988|0.1653|60|120|254520
1091|400|0|0|0|0|0|0|2073|0|0|25|0|0|0|292.5|0|0|0|0|0|0|0|0|0|1988|0.1791|65|120|224670
1092|420|0|0|0|0|0|0|1115|0|1125|25|0|0|200|0|0|0|0|0|0|0|0|0|0|1989|0.1653|60|120|216990
1093|409|0|0|0|0|0|0|2531|0|0|33|0|0|270|0|0|0|0|0|0|0|0|0|0|1993|0.1873|68|120|252510
1094|336|0|250|0|0|0|0|2656|0|0|128|0|0|216|0|0|0|0|0|0|0|0|0|0|1988|0.1983|0|0|259100
1095|360|0|0|0|0|0|0|2164|0|0|16|0|0|0|0|0|0|0|512|0|0|0|0|0|1988|0.2107|0|0|239960
1096|444|0|0|0|0|0|0|2312|0|0|40|0|0|0|0|0|0|0|0|0|0|0|0|0|1987|0.1983|0|0|232190
1097|464|0|0|0|0|0|0|2577|0|0|122|0|0|0|0|0|0|0|0|0|0|0|0|0|1987|0.2135|0|0|253590
1098|399|0|0|0|0|0|0|2146|0|0|106|0|0|0|0|0|0|0|0|0|0|0|0|0|1991|0.1983|0|0|227900
1099|473|0|0|0|0|0|0|2427.5|0|0|37.5|0|0|0|132|0|1|0|0|0|0|0|0|0|1985|0.2135|0|0|219200
1100|400|0|0|0|0|0|0|1729|0|735|50|0|0|200|0|0|0|0|0|0|0|0|0|0|1985|0.1983|0|0|225590
1101|0|0|328|0|0|0|400|1372|0|1008|132|0|0|0|0|0|0|0|0|0|0|0|0|0|1985|0.2135|0|0|232580
1102|400|0|480|0|0|0|0|1784|0|0|87|0|0|0|0|0|0|0|0|0|0|0|0|0|1984|0.2065|0|0|210700
1103|420|0|0|0|0|0|0|1838|0|0|20|0|0|90|0|0|0|0|0|0|0|0|0|0|1984|0.1708|62|120|205380
1104|462|0|0|0|0|0|0|1344|0|980|56|0|0|0|84|0|0|80|0|0|0|0|0|0|1984|0.1887|0|0|225440
1105|462|0|335|0|280|0|0|2499|0|0|38|0|0|0|0|0|0|0|0|0|0|0|0|0|1986|0.2039|0|0|252180
1106|504|0|0|0|0|0|0|1344|0|1008|56|0|0|84|0|0|0|0|512|0|0|0|0|0|1985|0.1887|0|0|245270
1107|440|0|0|0|0|0|0|1750|0|760|90|0|0|130|0|0|0|0|0|0|0|0|0|0|1985|0.1818|0|0|211820
1108|440|0|0|0|0|0|0|1242|0|754|25|0|0|80|0|0|0|0|0|0|0|0|0|0|1985|0.1653|60|120|202950
1109|0|0|0|0|0|0|484|1344|0|1008|80|0|0|84|0|0|0|80|0|0|0|0|0|0|1985|0.2835|0|0|232880
1110|420|0|0|0|0|0|0|2139|0|0|16|0|0|64|0|0|0|0|0|0|45|0|0|0|1984|0.1885|69|119|224340
1111|462|0|0|0|0|0|0|1572|0|768|63|0|0|140|180|0|0|0|0|0|57|0|0|0|1984|0.1653|60|120|230400
1112|483|0|0|0|0|0|0|1359|0|1008|136|0|0|0|0|0|0|0|0|0|0|0|0|0|1984|0.1653|60|120|225890
1113|420|0|0|0|0|0|0|1921|0|1020|30|0|49|0|0|0|0|80|0|1|0|0|0|0|1993|0.1597|65|107|265750
1114|402|0|0|0|0|0|0|1760.5|0|0|36|0|0|161|0|0|0|0|0|0|0|0|0|0|1993|0.1488|60|108|185570
1115|380|0|0|0|0|0|0|2320|0|0|39|0|0|247|0|0|0|0|0|0|0|0|0|0|1993|0.1818|0|0|240650
1116|462|0|0|0|0|211.5|0|1329.5|0|1529|48|0|0|0|0|0|0|100|540|0|0|0|0|0|1992|0.1993|0|0|276350
1117|550|0|553|0|0|0|0|2604|0|0|88|0|0|0|0|0|0|0|360|1|0|0|0|0|1989|0.3121|0|0|287340
1118|440|0|396|0|0|0|0|1232|0|1330|64|0|0|0|0|0|0|80|0|0|0|0|0|0|1990|0.223|0|0|242340
1119|420|0|375|0|0|0|0|2221|0|0|23|0|0|0|0|0|0|0|0|0|0|0|0|0|1994|0.1636|66|108|227140
1120|378|0|0|0|0|0|0|1803|0|0|40|0|0|180|0|0|0|0|0|0|0|0|0|0|1994|0.1488|60|108|201790
1121|415|0|0|0|0|0|0|1568|0|1105|75|0|0|384|0|0|0|0|0|0|0|0|0|0|1993|0.1612|65|108|243210
1122|408|0|0|0|0|0|0|1933.5|0|0|57.5|0|0|206|0|0|0|0|0|0|0|0|0|0|1993|0.1488|60|108|203150
1123|380|0|0|0|0|0|0|2320|0|0|39|0|0|247|0|0|0|0|0|0|0|0|0|0|1993|0.1612|65|108|230710
1124|411|0|372|0|0|0|0|1758|0|0|34|0|0|132|0|0|0|100|0|0|0|0|0|0|1993|0.1488|60|108|203210
1125|418|0|0|0|0|0|0|2119|0|0|50|0|0|150|0|0|0|0|0|0|0|0|0|0|1993|0.1612|65|108|218240
1126|420|0|0|0|0|0|0|2221|0|0|23|0|0|190.5|0|0|0|0|0|0|0|0|0|0|1993|0.1488|60|108|223700
1127|399|0|0|0|0|0|0|1508|0|1296|281|0|0|0|0|0|0|0|0|0|0|0|0|0|1993|0.1865|0|0|251420
1128|420|0|144|0|0|0|0|1329|0|1350|30|0|0|0|0|0|0|0|360|0|200|0|0|0|1988|0.2342|0|0|268230
1129|480|0|0|0|0|0|0|1999|0|0|16|0|0|0|0|240|0|0|0|0|0|0|0|0|1988|0.2523|0|0|218910
1130|408|0|192|0|0|0|0|1933.5|0|0|68.5|0|0|0|0|0|0|0|0|0|0|0|0|0|1993|0.2478|0|0|212820
1131|462|0|112|0|0|0|0|1412|0|1020|154|0|0|0|0|0|0|0|0|0|0|0|0|0|1985|0.272|0|0|238370
1132|494|0|164.5|0|170|0|0|1385.5|0|1385.5|48|0|0|0|0|0|0|0|0|0|0|0|0|0|1991|0.241|0|0|246200
1133|420|0|504|0|0|0|0|1760|0|0|96|0|0|0|0|0|0|0|0|0|0|0|0|0|1986|0.4038|0|0|218930
1134|462|0|0|0|0|0|0|2499|0|0|38|0|0|143|0|0|0|0|0|0|0|0|0|0|1985|0.3747|0|0|224470
1135|462|0|200|0|120|0|0|1889|0|0|89|0|0|40|0|0|0|0|0|0|60|0|0|0|1985|0.3497|0|0|222300
1136|400|0|0|0|0|0|0|1320|0|720|16|0|0|0|0|0|0|0|420|1|0|0|0|0|1985|0.3953|0|0|239430
1137|440|0|0|0|0|0|0|1660|0|815|84|0|0|400|0|0|0|0|0|0|40|0|0|0|1985|0.351|0|0|250120
1138|384|0|0|0|0|0|0|1406|0|936|20|0|0|88|0|0|0|0|0|0|0|0|0|0|1986|0.2792|0|0|228070
1139|400|0|0|0|0|0|0|1784|0|0|87|0|0|480|0|0|0|0|0|0|0|0|0|0|1985|0.233|70|145|202020
1140|437|0|270|0|0|0|0|951|0|1008|55|0|0|0|0|0|0|0|0|0|40|0|0|0|1985|0.1978|0|0|209530
1141|483|0|0|0|264|0|0|1740|0|0|20|0|0|0|0|0|0|0|0|0|0|0|0|0|1985|0.1888|0|0|199650
1142|440|0|0|0|0|0|0|1280|0|754|62|0|0|137|0|0|0|120|0|0|0|0|0|0|1985|0.169|0|0|207200
1143|500|0|0|0|0|0|0|2541|0|0|122|0|0|198|0|0|0|0|0|0|0|0|0|0|1987|0.1928|70|120|251720
1144|400|0|154|0|198|0|0|1781|0|0|76|0|0|0|0|0|0|0|0|0|0|0|0|0|1985|0.1928|70|120|203390
1145|460.5|0|0|0|0|0|0|1312.5|0|0|32|0|0|294|0|0|0|0|0|0|0|0|0|0|2004|0.1385|0|0|176110
1146|415.5|0|380|0|0|0|0|1273.5|0|0|42|0|0|0|0|0|0|0|0|0|0|0|0|0|2004|0.1451|0|0|175100
1147|465.5|0|192|0|0|0|0|1269.5|0|0|32|0|0|0|0|0|0|0|0|0|0|0|0|0|2004|0.1384|0|0|173970
1148|480|0|0|0|0|0|0|1283|0|0|68|0|0|110|0|0|0|0|0|0|0|0|0|0|2004|0.1338|0|0|176210
1149|465.5|0|0|0|0|0|0|1269.5|0|0|72.5|0|0|144|0|0|0|0|0|0|0|0|0|0|2004|0.1335|0|0|172550
1150|425|0|0|0|0|0|0|1346|0|1344|125|0|0|240|0|0|0|0|0|0|0|0|0|0|1987|0.1832|70|114|244330
1151|440|0|0|0|0|0|0|1242|0|754|25|0|0|80|0|0|0|0|0|0|0|0|0|0|1985|0.1639|60|119|168430
1152|441|0|0|0|0|0|0|1824|0|0|16|0|0|100|0|0|0|0|0|0|0|0|0|0|1984|0.1653|60|120|198920
1153|483|0|150|0|0|0|0|1984|0|0|80|0|0|0|0|0|0|0|0|0|0|0|0|0|1984|0.1701|65|114|218260
1154|437|0|0|0|0|0|0|1762|0|0|54|0|0|390|0|0|0|0|0|0|0|0|0|0|1984|0.1413|57|108|200870
1155|457|0|0|0|0|0|0|1832|0|0|24|0|0|121|0|0|0|0|0|0|0|0|0|0|1994|0.1413|57|108|204950
1156|0|0|0|0|0|0|484|1344|0|980|156|0|0|0|0|0|0|0|0|0|0|0|0|0|1984|0.1413|57|108|224980
1157|425|0|0|0|0|0|0|1327|0|1437|30|0|0|0|0|0|0|0|0|0|0|0|0|150|1987|0.1438|58|108|248010
1158|441|0|0|0|0|0|0|1620|0|0|48|0|0|80|0|0|0|0|0|0|0|0|0|0|1984|0.1488|60|108|189940
1159|525|0|81|0|0|0|0|1984|0|0|80|0|0|0|0|0|0|0|0|0|0|0|0|0|1985|0.1612|65|108|218300
1160|718|0|0|0|0|0|0|1847|0|0|12|0|0|80|0|0|0|0|200|0|0|0|0|0|1986|0.1538|0|0|213500
1161|460|0|0|0|0|0|0|1449|0|0|25|0|0|0|300|0|0|0|0|0|0|0|0|0|1986|0.1771|58|133|183020
1162|440|0|96|0|0|100|0|1703|0|0|25|0|0|0|0|0|0|0|0|0|0|0|0|0|1984|0.0998|41|106|176550
1163|280|0|0|0|0|0|0|650|0|728|0|0|0|24|0|0|0|0|0|0|0|0|0|0|1984|0.1066|43|108|144070
1164|280|0|0|0|108|0|0|1051|0|0|65|0|0|0|0|0|0|0|0|0|0|0|0|0|1984|0.1066|43|108|128420
1165|460|0|0|0|0|0|0|950|0|528|25|0|0|0|0|0|0|0|0|0|0|0|0|0|1984|0.1066|43|108|156630
1166|460|0|0|0|0|0|0|1449|0|0|25|0|0|0|0|0|1|0|0|0|0|0|0|0|1984|0.1066|43|108|157820
1167|280|0|322|0|0|0|0|650|0|668|0|0|0|24|0|0|0|0|0|0|0|0|0|0|1984|0.1066|43|108|146540
1168|280|0|90|0|0|0|0|1282|0|0|68|0|0|0|0|0|0|0|0|0|0|0|0|0|1984|0.1066|43|108|146280
1169|440|0|198|0|0|0|0|1703|0|0|25|0|0|0|0|0|0|0|0|0|0|0|0|0|1984|0.1066|43|108|175590
1170|460|0|30|0|0|0|0|950|0|528|70|0|0|0|0|0|0|0|0|1|0|0|0|60|1984|0.1066|43|108|169550
1171|460|0|0|0|0|0|0|1449|0|0|25|0|0|110|0|0|0|0|0|0|0|0|0|0|1984|0.1066|43|108|158220
1172|440|0|402|0|0|0|0|1058|0|712|46|0|0|0|0|0|0|0|0|0|0|0|0|0|1985|0.1066|43|108|178590
1173|440|0|0|0|0|0|0|1282|0|0|76|0|0|0|0|0|0|0|0|0|0|0|0|0|1984|0.1066|43|108|147400
1174|460|0|0|0|0|0|0|1427|0|0|25|0|0|60|0|0|0|0|0|0|0|0|0|0|1985|0.1066|43|108|156600
1175|440|0|0|0|0|0|0|1703|0|0|25|0|0|0|0|0|0|0|0|0|0|0|0|0|1984|0.1066|43|108|173400
1176|460|0|0|0|0|0|0|1449|0|0|169|0|0|176|0|0|0|0|0|0|0|0|0|0|1984|0.1066|43|108|122950
1177|424|0|0|0|0|0|0|1847|0|0|12|0|0|80|0|0|0|0|0|0|0|0|0|0|1986|0.1066|43|108|182130
1178|440|0|220|0|0|0|0|1703|0|0|73|0|0|60|0|0|1|0|0|1|0|0|0|0|1984|0.1066|43|108|186880
1179|440|0|0|0|0|0|0|1935|48|0|30|0|0|0|0|0|0|0|0|0|0|0|0|0|1985|0.1066|43|108|190540
1180|424|0|0|0|0|0|0|1847|0|0|24|0|0|80|0|0|0|0|0|0|0|0|0|0|1986|0.1066|43|108|182340
1181|440|0|0|0|0|0|0|1703|0|0|25|0|0|0|0|0|0|0|0|0|0|0|0|0|1986|0.1066|43|108|173400
1182|460|0|0|0|0|0|0|1460|156|0|25|0|0|0|240|0|0|0|0|0|0|0|0|0|1986|0.1105|45|107|173870
1183|460|0|0|0|0|0|0|1449|0|0|25|0|0|0|0|0|0|0|392|0|0|0|0|252|1984|0.119|48|108|183750
1184|0|372|0|0|0|0|0|1588|0|0|28|0|0|50|40|0|0|0|0|0|0|0|0|0|1986|0.1066|43|108|160580
1185|460|0|0|0|0|0|0|1449|0|0|25|0|0|0|112|0|0|0|0|0|0|0|0|0|1984|0.1066|43|108|159250
1186|462|0|234|0|0|0|0|1931|0|0|25|0|0|138|0|0|0|0|0|0|0|0|0|0|1985|0.1066|43|108|191590
1187|440|0|0|0|0|0|0|1703|0|0|73|0|0|225|0|0|0|0|0|0|0|0|0|0|1984|0.1066|43|108|174990
1188|460|0|0|0|0|0|0|1519|0|0|30|0|0|469|0|0|0|0|0|0|0|0|0|0|1986|0.1066|43|108|164270
1189|0|372|0|0|0|0|0|1588|0|0|28|0|0|90|0|0|0|0|0|0|0|0|0|0|1986|0.1066|43|108|160130
1190|200|0|0|0|0|0|0|1288|0|0|24|0|0|40|0|0|1|0|0|0|0|0|0|0|1986|0.1066|43|108|143300
1191|460|0|0|0|0|0|0|1519|0|0|30|0|0|50|0|0|0|0|0|0|0|0|0|0|1986|0.1066|43|108|162510
1192|424|0|0|0|0|0|0|1847|0|0|12|0|0|80|0|0|0|0|0|0|0|0|0|0|1986|0.1066|43|108|176900
1193|423|0|200|0|0|0|0|1464.5|0|0|35|0|0|0|0|0|0|0|0|0|0|0|0|0|1987|0.1066|43|108|160490
1194|424|0|0|0|0|0|0|1847|0|0|66|0|0|40|0|0|0|0|0|0|0|0|0|0|1986|0.1066|43|108|182820
1195|399|0|0|0|0|0|0|829|0|1185|32|0|0|0|0|0|1|0|0|0|0|0|0|0|1986|0.1066|43|108|184970
1196|452|0|0|0|0|0|0|1528|0|0|84|0|0|174|0|0|0|0|0|0|0|0|0|0|1987|0.1066|43|108|150670
1197|424|0|0|0|0|0|0|1847|0|0|12|0|0|40|40|0|0|0|0|0|0|0|0|0|1986|0.1066|43|108|182570
1198|200|0|0|0|0|0|0|1277|0|0|24|0|0|40|0|0|0|0|0|0|0|0|0|0|1986|0.1066|43|108|131180
1199|377|0|346|0|0|0|0|1698|0|0|68|0|0|40|0|0|1|0|0|0|0|0|0|0|1987|0.1066|43|108|175960
1200|423|0|0|0|0|0|0|1464.5|0|0|35|0|0|48.5|0|0|0|0|0|0|0|0|0|0|1987|0.1066|43|108|158520
1201|404|0|0|0|0|0|0|1652|0|0|30|0|0|18|0|0|0|0|0|0|0|0|0|0|1987|0.1066|43|108|169830
1202|413|0|0|0|0|0|0|1312|0|452|18|0|0|70|0|0|0|0|0|0|0|0|0|0|1987|0.1066|43|108|170590
1203|404|0|0|0|0|0|0|1592|0|0|42|0|0|0|0|0|0|0|0|0|0|0|0|0|1987|0.1066|43|108|166140
1204|0|0|0|0|0|0|441|888|0|848|36|0|0|0|0|0|0|0|0|0|0|0|0|0|1994|0.1172|46|111|192690
1205|299|0|0|0|0|0|0|689|0|840|20|0|0|96|0|0|1|0|0|0|0|0|0|0|1986|0.1081|44|107|158950
1206|440|0|0|0|300|0|0|1703|0|0|25|0|0|0|200|0|0|0|0|0|0|0|0|0|1984|0.1066|43|108|180460
1207|437|0|0|0|0|0|0|1519|0|0|30|0|0|50|0|0|0|0|0|0|0|0|0|0|1986|0.1066|43|108|162160
1208|200|0|0|0|0|0|0|1287|0|0|24|0|0|0|60|0|0|0|0|0|0|0|0|0|1986|0.1066|43|108|143820
1209|460|0|0|0|0|0|0|1459|0|0|25|0|0|60|0|0|0|0|0|0|0|0|0|0|1985|0.1066|43|108|158670
1210|480|0|0|0|0|0|0|1218|0|0|72|0|0|96|0|0|0|0|0|0|0|0|0|0|1985|0.1066|43|108|144150
1211|440|0|0|0|0|0|0|1723|0|0|25|0|0|0|128|0|0|0|0|0|0|0|0|0|1985|0.1066|43|108|176360
1212|460|0|0|0|0|0|0|1449|0|0|25|0|0|0|200|0|0|0|0|0|0|0|0|0|1985|0.1066|43|108|160330
1213|294|0|252|0|0|0|0|756|0|756|16|0|0|0|0|0|0|0|0|0|0|0|0|0|1986|0.1066|43|108|155670
1214|280|0|0|0|0|0|0|1051|0|0|65|0|0|280|0|0|0|0|0|0|0|0|0|0|1984|0.1066|43|108|130540
1215|460|0|0|0|0|0|0|950|0|583|25|0|0|0|144|0|0|0|0|0|0|0|0|0|1984|0.1066|43|108|161800
1216|280|0|0|0|0|0|0|1282|0|0|68|0|0|0|0|0|0|0|0|0|0|0|0|0|1984|0.1066|43|108|144880
1217|460|0|0|0|0|0|0|1449|0|0|25|0|0|0|0|0|0|0|0|0|0|0|0|0|1984|0.1066|43|108|157730
1218|460|0|0|0|0|0|0|950|0|873|70|0|0|80|0|0|0|0|0|0|0|0|0|0|1985|0.1066|43|108|176390
1219|440|0|0|0|0|0|0|1713|0|0|25|0|0|80|0|0|0|0|0|0|0|0|0|0|1984|0.1066|43|108|179440
1220|440|0|0|0|0|0|0|1068|0|828|30|0|0|0|0|0|0|0|0|0|0|0|0|0|1985|0.1066|43|108|181910
1221|460|0|0|0|0|0|0|1449|0|0|25|0|0|0|0|0|0|0|0|0|0|0|0|0|1984|0.1066|43|108|157730
1222|460|0|0|0|0|0|0|950|0|583|70|0|0|0|0|0|0|0|0|0|0|0|0|0|1984|0.1066|43|108|160490
1223|440|0|0|0|0|0|0|1250|0|0|72|0|0|0|0|0|0|0|0|0|0|0|0|0|1985|0.1066|43|108|145240
1224|460|0|128|0|0|0|0|1449|0|0|25|0|0|0|0|0|0|0|0|0|0|0|0|0|1984|0.1066|43|108|159480
1225|457|0|0|0|0|0|0|1840|0|0|57|0|0|112|0|0|0|0|0|0|0|0|0|0|1986|0.1066|43|108|183100
1226|200|0|0|0|0|0|0|1256|0|0|24|0|0|60|0|0|0|0|0|0|0|0|0|0|1986|0.1066|43|108|141190
1227|460|0|0|0|0|0|0|1449|0|0|25|0|0|120|0|0|0|0|0|0|0|0|0|0|1984|0.1066|43|108|160530
1228|382|0|0|0|0|0|0|1588|0|0|28|0|0|90|0|0|0|0|0|0|0|0|0|0|1986|0.0906|42|94|159430
1229|400|0|0|0|0|0|0|1562|0|0|89|0|0|0|0|0|0|0|0|0|0|0|0|0|2003|0.097|0|0|183650
1230|200|0|0|0|0|0|0|1256|0|0|24|0|0|0|60|0|0|0|0|0|0|0|0|0|1986|0.097|44|96|140830
1231|420|0|0|0|0|0|0|1354.7|0|0|94.3|0|0|0|0|0|0|0|0|0|0|0|0|0|2003|0.0961|0|0|178030
1232|324|0|0|0|0|0|0|1169|0|0|52|0|0|0|0|0|0|0|0|0|0|0|0|0|1992|0.097|44|96|152420
1233|407.5|0|0|0|0|0|0|1647|0|0|64|0|0|0|0|0|0|0|0|0|0|0|0|0|1989|0.097|44|96|173990
1234|418|0|0|0|0|0|0|1577|0|0|35|0|0|154|0|0|0|0|0|0|0|0|0|0|1988|0.097|44|96|165050
1235|200|0|0|0|0|0|0|1277|0|0|24|0|0|0|60|0|0|0|0|0|0|0|0|0|1986|0.097|44|96|142210
1236|399|0|0|0|0|0|0|816|0|885|45|0|0|80|0|0|0|0|450|0|0|0|0|0|1986|0.097|44|96|189100
1237|400|0|0|0|0|0|0|926.5|0|898|28|0|0|0|38.5|0|0|0|0|0|0|0|0|0|1987|0.097|44|96|174240
1238|200|0|336|0|0|0|0|1256|21|0|84|0|0|0|0|0|0|0|0|0|0|0|0|0|1986|0.097|44|96|144970
1239|460|0|0|0|0|0|0|1491|0|0|30|0|0|50|0|0|0|0|0|0|0|0|0|0|1986|0.097|44|96|158660
1240|380|0|80|0|0|0|0|1346|0|1339|30|0|0|0|0|0|0|0|0|0|0|0|0|0|1988|0.098|44|97|219600
1241|404|0|0|0|0|0|0|1703|0|0|30|0|0|0|0|0|1|0|0|0|0|0|0|0|1988|0.098|44|97|172090
1242|417|0|0|0|0|0|0|872.5|0|900|27.5|0|0|143|0|0|0|0|0|0|0|0|0|0|1987|0.098|44|97|171760
1243|200|0|0|0|0|0|0|1256|21|0|24|0|0|60|0|0|0|0|0|0|0|0|0|0|1986|0.098|44|97|141690
1244|460|0|0|0|0|0|0|1519|0|0|30|0|0|50|0|0|0|0|0|0|0|0|0|0|1986|0.099|44|98|161700
1245|320|0|0|0|0|0|0|1051|0|0|65|0|0|60|0|0|0|0|0|0|0|0|0|0|1985|0.099|44|98|129510
1246|380|0|0|0|0|0|0|1358|0|1418|90|0|0|0|0|0|0|0|0|0|0|0|0|0|1986|0.099|44|98|216370
1247|460|0|0|0|0|0|0|1449|0|0|25|0|0|60|0|0|0|0|0|0|0|0|0|0|1985|0.099|44|98|151260
1248|460|0|0|0|0|0|0|1698|0|0|120|0|0|60|0|0|0|0|0|0|0|0|0|0|1985|0.099|44|98|169140
1249|0|0|216|0|0|0|0|1456|0|0|64|0|0|140|0|0|0|0|0|0|0|0|0|0|1986|0.0935|42|97|146550
1250|364|0|0|0|0|0|0|1330|0|0|28|0|0|0|0|0|0|0|0|0|0|0|0|0|2004|0.1056|50|92|181980
1251|0|0|0|0|0|0|441|888|0|848|36|0|0|0|0|0|0|0|0|0|0|0|0|0|1995|0.1091|54|88|192650
1252|399|0|0|0|0|0|0|2056|0|0|35|0|0|200|0|0|0|0|0|0|0|0|0|0|1991|0.1584|100|138|235420
1253|513|0|128|0|0|0|0|1041|0|1041|18|0|0|0|0|0|0|120|0|0|0|0|0|0|1990|0.1473|93|138|226810
1254|502.5|0|0|0|0|0|0|1470.5|0|1215|35|0|0|80|0|0|0|0|0|0|0|0|0|0|1988|0.1061|70|132|228700
1255|484|0|0|0|0|0|0|1726|0|0|71|0|0|0|0|0|0|0|0|0|0|0|0|0|1990|0.1061|70|132|204310
1256|391|0|0|0|0|0|0|1173|0|1178|228|0|0|0|0|0|0|0|0|0|0|0|0|0|1992|0.1125|49|100|230510
1257|360|0|0|0|0|0|0|1391|0|360|21|0|0|110.5|0|0|0|0|0|0|0|0|0|0|1988|0.104|44|103|171280
1258|423|0|607|0|0|0|0|1364|0|0|43|0|0|0|0|0|0|0|0|0|0|0|0|0|1992|0.104|44|103|175250
1259|399|0|0|0|0|0|0|846|0|1168|32|0|0|0|0|0|0|0|0|0|0|0|0|0|1987|0.1358|58|102|187620
1260|447|0|0|0|0|0|0|1387|0|1413|78|0|0|150|0|0|0|0|0|0|0|0|0|0|1989|0.1286|56|100|229060
1261|372|0|0|0|0|0|0|1657.5|0|0|24|0|0|0|0|0|0|0|0|0|0|0|0|0|1994|0.103|44|102|194870
1262|361|0|0|0|0|0|0|1864|0|0|96|0|0|0|0|0|0|0|0|0|0|0|0|0|1992|0.103|44|102|204730
1263|397|0|0|0|0|0|0|1709|0|0|68|0|0|242|0|0|0|0|0|0|0|0|0|0|1989|0.103|44|102|176580
1264|352|0|0|0|0|0|0|1412|0|1110|36|0|0|248|240|0|1|0|0|0|0|0|0|0|1988|0.1333|88|132|227750
1265|397|0|0|0|0|0|0|1709|0|0|68|0|0|0|242|0|0|0|0|0|0|0|0|0|1988|0.1061|70|132|184050
1266|520|0|0|0|0|0|0|926.5|0|1205|106.5|0|0|0|0|0|0|0|0|0|0|0|0|0|1988|0.1473|93|138|204620
1267|380|0|0|0|0|0|0|1829|0|1346|90|0|0|0|80|0|0|0|0|0|0|0|0|0|1988|0.2135|0|0|254990
1268|404|0|0|0|0|0|0|1623|0|0|42|0|0|299|0|0|0|0|448|1|0|0|0|0|1988|0.1|44|99|194810
1269|399|0|0|0|0|0|0|846|0|1168|32|0|0|184|0|0|0|0|0|0|0|0|0|0|1988|0.1271|82|135|191430
1270|400|0|0|0|0|0|0|1600|0|0|280|0|0|0|0|0|0|0|0|0|0|0|0|0|1992|0.0977|43|100|173520
1271|383|0|0|0|0|0|0|922|0|1220|60|0|0|0|224|0|0|0|0|0|0|0|0|0|1993|0.1148|50|100|215910
1272|399|0|0|0|0|0|0|1622|0|0|40|0|0|132|0|0|0|0|0|0|0|0|0|0|1993|0.1148|50|100|194730
1273|400|0|0|0|0|0|0|1761|0|0|18|0|0|36|0|0|0|0|0|0|0|0|0|0|1993|0.1159|50|101|204070
1274|399|0|0|0|0|0|0|1584|0|0|24|0|0|0|0|0|0|0|0|0|0|0|0|0|1991|0.1148|50|100|185470
1275|457|0|0|0|0|0|0|1832|0|0|24|0|0|121|0|0|0|0|0|0|0|0|0|0|1994|0.1206|51|103|211140
1276|400|0|211.5|0|0|0|0|1637|0|0|47.5|0|0|136.5|0|0|0|0|0|0|0|0|0|0|1993|0.1194|51|102|199000
1277|380|0|332|0|0|0|0|1633|0|0|105|0|0|0|0|0|0|0|0|0|0|0|0|0|1993|0.1171|50|102|196290
1278|400|0|0|0|0|0|0|1596|0|820|100|0|0|100|0|0|0|0|0|0|0|0|0|0|1990|0.1171|50|102|236420
1279|399|0|100|0|0|0|0|2002|0|0|30|0|0|190|0|0|0|0|0|0|0|0|0|0|1991|0.1171|50|102|216380
1280|360|0|0|0|0|0|0|1615|0|0|262|0|0|0|0|0|0|0|0|0|0|0|0|0|1991|0.1171|50|102|196390
1281|378|0|0|0|0|0|0|2113|0|0|30|0|0|264|0|0|0|0|0|0|0|0|0|0|1991|0.1171|50|102|230000
1282|440|0|0|0|0|0|0|1207|0|609|40|0|0|165|0|0|0|0|0|0|0|0|0|0|1990|0.1171|50|102|198920
1283|0|0|0|0|0|0|441|918|0|851|24|0|0|120|0|0|0|0|0|0|0|0|0|0|1994|0.1136|50|99|195680
1284|399|0|288|0|0|0|0|855|0|1014|48|0|0|0|0|0|0|0|0|0|0|0|0|0|1991|0.1314|59|97|208570
1285|420|0|0|0|0|0|0|1778|0|0|17|0|0|143|0|0|0|0|0|0|0|0|0|0|1990|0.125|55|99|206970
1286|440|0|0|0|0|0|0|2097|0|0|16|0|0|0|170|0|0|0|0|0|0|0|0|0|1990|0.1288|55|102|225640
1287|400|0|160|0|0|0|0|1761|0|0|18|0|0|0|0|0|1|0|0|0|0|0|0|0|1992|0.1171|50|102|200520
1288|380|0|0|0|0|0|0|1734|0|0|238|0|0|0|0|0|0|0|0|0|0|0|0|0|1991|0.1147|49|102|204800
1289|400|0|0|0|0|0|0|1743|0|0|18|0|0|120|0|0|0|0|0|0|0|0|0|0|1991|0.1147|49|102|180680
1290|380|0|0|0|0|0|0|1986|0|0|54|0|0|171|0|0|0|0|0|0|0|0|0|0|1992|0.1147|49|102|214720
1291|457|0|0|0|0|0|0|1832|0|0|24|0|0|121|0|0|0|0|0|0|0|0|0|0|1994|0.1147|49|102|210650
1292|400|0|0|0|0|0|0|1494|0|0|24|0|0|0|0|0|0|0|0|0|0|0|0|0|1990|0.1147|49|102|178970
1293|399|0|0|0|0|0|0|1542|0|0|40|0|0|120|0|0|0|0|0|0|0|0|0|0|1991|0.1147|49|102|188750
1294|379|0|0|0|0|0|0|1407.5|0|0|173|0|0|57.5|0|0|0|0|0|0|0|0|0|0|1992|0.1147|49|102|174920
1295|380|0|0|0|0|0|0|855|0|1026|172|0|0|0|0|0|0|0|0|0|18|0|0|0|1992|0.1241|53|102|202950
1296|420|0|0|0|0|0|0|2030|0|0|30|0|0|130|0|0|0|0|0|0|0|0|0|0|1991|0.1241|53|102|218640
1297|391|0|0|0|0|0|0|1158|0|1033|26|0|0|153|0|0|0|0|0|0|0|0|0|0|1992|0.1241|53|102|219910
1298|440|0|0|0|0|154|0|1723|0|0|18|0|0|0|66|0|0|0|0|0|0|0|0|0|1992|0.1241|53|102|207490
1299|457|0|64|0|0|0|0|1832|0|0|145|0|0|0|0|0|0|0|0|0|0|0|0|0|1994|0.1241|53|102|208050
1300|0|0|0|0|0|0|441|1054|0|863|25|0|0|120|0|0|0|0|0|0|0|0|0|0|1994|0.099|44|98|203510
1301|0|0|0|0|0|0|528|870|0|804|300|0|0|0|0|0|0|0|0|0|0|0|0|0|1994|0.1253|62|88|195760
1302|0|0|0|0|0|0|441|757|0|808|14|0|0|0|0|0|0|0|0|0|0|0|0|0|1994|0.1091|54|88|181480
1303|440|0|0|0|0|0|0|1596|0|1404|81|0|0|0|0|0|0|0|0|0|0|0|0|0|1990|0.1275|55|101|267590
1304|440|0|0|0|0|0|0|1448|0|858|24|0|0|140|0|0|0|0|0|0|0|0|0|0|1991|0.1301|55|103|230690
1305|437|0|152|0|0|0|0|1134|0|1134|21|0|0|0|0|0|0|0|0|0|0|0|0|0|1990|0.1301|55|103|227200
1306|0|0|0|0|0|0|400|1056|0|800|20|0|0|144|0|0|0|0|0|0|0|0|0|0|1995|0.1088|46|103|199840
1307|418|0|463|0|0|0|0|1611|0|0|42|0|0|0|0|0|0|0|0|0|0|0|0|0|1991|0.0744|72|90|200940
1308|462|0|0|0|0|0|0|870|0|804|120|0|0|0|0|0|0|0|0|0|0|0|0|0|1994|0.109|50|95|188490
1309|380|0|0|0|0|0|0|1608|0|0|32|0|0|144|0|0|0|0|0|0|0|0|0|0|1991|0.1125|49|100|193080
1310|382|0|0|0|0|0|0|1806|0|0|138|0|0|0|0|0|0|0|0|0|0|0|0|0|1992|0.1125|49|100|202440
1311|399|0|220|0|0|0|0|1542|0|0|40|0|0|0|0|0|0|0|0|0|0|0|0|0|1991|0.1125|49|100|190510
1312|399|0|152|0|0|0|0|2046|0|0|35|0|0|0|0|0|0|0|0|0|0|0|0|0|1991|0.1125|49|100|219890
1313|437|0|228|0|152|0|0|1134|0|1134|6|0|0|0|0|0|0|0|0|0|0|0|0|60|1990|0.1148|50|100|231450
1314|336|0|0|0|0|0|0|2067|0|0|64|0|0|0|0|0|0|0|0|0|0|0|0|0|1986|0.13|0|0|196730
1315|0|0|180|0|0|0|441|870|0|804|120|0|0|0|0|0|0|0|0|0|0|0|0|0|1994|0.1452|55|115|195750
1316|0|0|0|0|0|0|441|888|0|848|36|0|0|0|0|0|0|0|0|0|0|0|0|0|1994|0.1388|54|112|195550
1317|0|0|0|0|0|0|528|971|0|900|51|0|0|282|0|0|0|0|0|0|0|0|0|0|1995|0.1157|45|112|201810
1318|457|0|0|0|0|0|0|1832|0|0|20|0|0|121|0|0|0|0|0|0|0|0|0|0|1994|0.1165|43|118|210700
1319|0|0|0|0|0|0|420|870|0|870|120|0|0|0|0|0|0|0|0|0|0|0|0|0|1995|0.1284|47|119|194510
1320|400|0|0|0|0|0|0|1677|0|0|166|0|0|0|0|0|1|0|0|0|0|0|0|0|1992|0.147|61|105|197240
1321|428|0|0|0|0|0|0|1878|0|0|24|0|0|22|0|0|0|0|0|0|0|0|0|0|1989|0.1218|52|102|190700
1322|0|0|0|0|0|0|440|888|0|848|36|0|0|0|0|0|0|0|0|0|0|0|0|0|1994|0.1112|51|95|192960
1323|483|0|0|0|0|0|0|1479|0|840|32|0|0|147|0|0|0|0|0|0|0|0|0|0|1991|0.1019|51|93|240760
1324|418|0|209|0|0|0|0|2039|0|0|23|0|0|0|0|0|0|0|0|0|0|0|0|0|1990|0.1182|104|135|241090
1325|420|0|364|0|0|0|0|1694.5|0|0|117.5|0|0|0|0|0|0|0|0|0|0|0|0|0|1989|0.1271|82|135|185740
1326|418|0|0|0|273|0|0|1611|0|0|26|0|0|0|0|0|0|0|0|0|0|0|0|0|1991|0.0909|74|107|203040
1327|460|0|0|0|0|0|0|1367|0|644|20|0|0|152|0|0|0|0|0|0|0|0|0|0|1991|0.0897|73|107|216480
1328|342|0|0|0|0|0|0|992|0|870|70|0|0|238|0|0|1|0|0|0|0|0|0|0|1991|0.1379|66|91|201630
1329|378|0|0|0|0|0|0|1652|0|0|28|0|0|252|0|0|0|0|0|0|0|0|0|0|1991|0.1218|52|102|191960
1330|418|0|0|0|0|0|0|2099|0|0|32|0|0|132|0|0|0|0|0|0|0|0|0|0|1991|0.104|44|103|221530
1331|360|0|0|0|0|0|0|1641|0|0|40|0|0|154.5|0|0|0|0|0|0|0|0|0|0|1993|0.1171|50|102|190220
1332|399|0|0|0|0|0|0|2046|0|0|35|0|0|0|200|0|0|0|0|0|0|0|0|0|1991|0.1111|47|103|220540
1333|440|0|0|0|0|0|0|1365|0|1039|60|0|0|0|168|0|0|0|0|0|0|0|0|0|1993|0.1171|50|102|234990
1334|391|0|0|0|0|0|0|1173|0|1178|24|0|0|0|0|0|0|0|0|0|0|0|0|0|1992|0.1171|50|102|227940
1335|400|0|0|0|0|0|0|1743|0|0|18|0|0|144|0|0|0|0|0|0|0|0|0|0|1993|0.1171|50|102|203430
1336|440|0|0|0|0|0|0|1365|0|1039|60|0|0|168|0|0|0|0|0|0|0|0|0|0|1993|0.1171|50|102|233320
1337|399|0|0|0|0|0|0|1544|0|0|28|0|0|160|0|0|0|0|0|0|0|0|0|0|1991|0.1253|53|103|184420
1338|324|0|0|0|0|0|0|2126|0|0|25|0|0|168|0|0|0|0|588|0|0|0|0|0|1990|0.1325|52|111|250290
1339|407|0|230|0|230|0|0|1647|0|0|78|0|0|0|0|0|0|0|0|0|0|0|0|0|1989|0.1121|44|111|184100
1340|404|0|0|0|0|0|0|1652|0|0|30|0|0|22|0|0|0|0|0|0|0|0|0|0|1987|0.1121|44|111|163880
1341|418|0|0|0|0|0|0|1937|0|0|24|0|0|0|0|0|0|0|0|0|0|0|0|0|1987|0.1121|44|111|187810
1342|423|0|0|0|0|0|0|1464.5|0|0|35|0|0|0|0|0|0|0|0|0|0|0|0|0|1987|0.1121|44|111|158760
1343|457|0|0|0|0|0|0|1832|0|0|53|0|0|152|0|0|0|0|0|0|0|0|0|0|1994|0.1121|44|111|211090
1344|372|0|0|0|0|0|0|1588|0|0|118|0|0|72|0|0|0|0|0|0|0|0|0|0|1988|0.1121|44|111|167340
1345|444|0|0|0|0|180|0|1738|0|0|40|0|0|0|0|0|0|120|0|0|0|0|0|0|1988|0.1121|44|111|186300
1346|423|0|250|0|0|0|0|1464.5|0|0|35|0|0|0|0|0|1|0|0|0|0|0|0|0|1987|0.1121|44|111|161260
1347|392|0|0|0|0|0|0|1688|0|0|240|0|0|0|0|0|1|0|0|0|0|0|0|0|1988|0.1121|44|111|175000
1348|457|0|121|0|0|0|0|1832|0|0|164|0|0|0|0|0|0|0|0|0|0|0|0|0|1993|0.1096|43|111|213520
1349|372|0|0|0|0|0|0|1588|0|0|118|0|0|0|160|0|0|0|0|0|0|0|0|0|1987|0.1198|47|111|169850
1350|390|0|0|0|0|0|0|1271|0|959|20|0|0|0|0|0|0|0|0|0|30|0|0|0|1991|0.13|51|111|222800
1351|418|0|0|0|0|0|0|2039|0|0|23|0|0|209|0|0|1|0|0|0|0|0|0|0|1990|0.1325|52|111|229150
1352|420|0|0|0|0|0|0|2048|0|0|30|0|0|132|0|0|0|0|0|0|0|0|0|0|1990|0.1325|52|111|226990
1353|418|0|0|0|0|0|0|2099|0|0|32|0|0|132|0|0|0|0|0|0|0|0|0|0|1991|0.1402|55|111|231300
1354|418|0|156|0|0|0|0|1212|0|0|36|0|0|0|0|0|1|0|0|0|0|0|64|0|1990|0.1402|55|111|164640
1355|399|0|0|0|0|0|0|1771|0|0|30|0|0|0|392|0|0|0|0|0|0|0|0|0|2003|0.1456|61|104|215620
1356|400|0|0|0|0|0|0|852|0|1181|24|0|0|0|0|0|0|0|0|0|0|0|0|0|1994|0.1348|57|103|201470
1357|400|0|0|0|0|0|0|900|0|1116|40|0|0|0|0|0|0|0|0|0|0|0|0|0|1996|0.1348|57|103|200720
1358|357|0|0|0|0|0|0|1351|0|0|12|0|0|300|0|0|0|0|0|0|0|0|0|0|1999|0.1584|67|103|175820
1359|399|0|0|0|0|0|0|1856|0|0|136|0|0|0|0|0|0|0|0|0|0|0|0|0|1998|0.1348|57|103|209350
1360|400|0|0|0|0|0|0|1400|0|1095|32|0|0|0|0|0|0|0|0|0|0|0|0|0|2002|0.1353|0|0|238680
1361|399|0|120|0|0|0|0|1771|0|0|30|0|0|0|0|0|0|0|0|0|0|0|0|0|2002|0.135|0|0|211790
1362|374|0|0|0|0|0|0|1644|0|0|120|0|0|0|0|0|0|0|0|0|0|0|0|0|2003|0.1348|0|0|203580
1363|399|0|0|0|0|0|0|1457|0|0|16|0|0|128|0|0|0|0|0|0|0|0|0|0|2003|0.1345|0|0|188770
1364|399|0|0|0|0|0|0|1771|0|0|30|0|0|0|400|0|0|0|0|0|0|0|0|0|2002|0.1342|0|0|215350
1365|438|0|0|0|0|0|0|1242|0|1691|192|0|0|90|0|0|0|0|0|0|0|0|0|0|2003|0.134|0|0|270020
1366|374|0|0|0|0|0|0|1644|0|0|159|0|0|100|0|0|0|0|0|0|0|0|0|0|2003|0.1337|0|0|204520
1367|399|0|0|0|0|0|0|1771|0|0|30|0|0|120|0|0|0|0|0|0|0|0|0|0|2003|0.1334|0|0|212430
1368|400|0|0|0|0|0|0|1400|0|1095|32|0|0|120|0|0|0|120|0|0|0|0|0|0|2003|0.137|0|0|246260
1369|418|0|0|0|0|0|0|1331.5|0|1693|48|0|0|102.5|0|0|0|0|0|0|0|0|0|0|1991|0.1653|60|120|263840
1370|444|0|154|0|0|0|0|2312|0|0|40|0|0|0|0|0|0|0|0|0|0|0|0|0|1986|0.1791|65|120|241990
1371|418|0|0|0|0|0|0|2130|0|0|50|0|0|150|0|0|0|0|0|0|0|0|0|0|1993|0.1653|60|120|225120
1372|399|0|525|0|0|0|0|2093|0|0|154|0|0|0|0|0|1|0|0|0|0|0|0|0|1991|0.1928|70|120|230000
1373|440|0|0|0|0|0|0|1897|376|0|203|0|0|0|0|0|1|0|0|0|0|0|0|0|1991|0.1791|65|120|239690
1374|440|0|0|0|0|0|0|1438|0|1114|217|0|0|0|0|0|0|120|0|0|0|0|0|0|1990|0.1791|65|120|239460
1375|441|0|0|0|0|0|0|1189|0|1553|14|0|0|450|0|0|0|0|0|0|0|0|0|0|2000|0.2614|55|207|249500
1376|380|0|0|0|0|0|0|1768|0|0|388|0|0|0|0|0|0|0|0|0|0|0|0|0|1999|0.1982|55|157|202580
1377|414|0|0|0|0|0|0|2232|0|0|42|0|0|184|0|0|0|0|0|0|0|0|0|0|1997|0.197|55|156|223170
1378|400|0|0|0|0|0|0|2190|0|0|66|0|0|0|0|0|0|0|0|0|0|0|0|0|1996|0.197|55|156|220130
1379|380|0|0|0|0|0|0|2134|0|0|68|0|0|0|0|0|0|0|0|0|0|0|0|0|1996|0.197|55|156|216770
1380|380|0|0|0|0|0|0|1809|0|0|25|0|0|0|528|0|0|0|0|0|0|0|0|0|1999|0.157|57|120|214800
1381|400|0|417|0|0|0|0|912|0|1100|35|0|0|0|0|0|0|0|0|0|0|0|0|0|2000|0.157|57|120|214390
1382|399|0|532|0|0|0|0|1368|0|1144|40|0|0|0|0|360|0|36|0|0|0|0|0|0|2000|0.157|57|120|243730
1383|434|0|0|0|0|0|0|2222|0|0|42|0|0|84|0|0|0|0|0|0|0|0|0|0|1996|0.157|57|120|230210
1384|462|0|320|0|0|0|0|1757|0|0|402|0|0|0|0|0|1|0|0|0|0|0|0|0|1999|0.157|57|120|213590
1385|441|0|0|0|0|0|0|1189|0|1553|42|0|0|64|0|0|0|0|0|0|0|0|0|0|1999|0.157|57|120|251330
1386|399|0|0|0|0|0|0|1445|0|0|9|0|0|0|112|0|0|0|0|0|0|0|0|0|1998|0.157|57|120|177450
1387|436.5|0|0|0|0|0|0|1195.5|0|1284|25|0|0|120|0|0|0|0|0|0|0|0|0|0|1996|0.157|57|120|229310
1388|380|0|0|0|0|0|0|1765|0|0|30|0|0|64|0|0|0|0|0|0|0|0|0|0|1998|0.157|57|120|201000
1389|400|0|0|0|0|0|0|1848|0|0|52|0|0|160|0|0|1|0|0|0|0|0|0|0|1999|0.1515|55|120|211540
1390|455|0|140|0|0|0|0|1067|0|1281|36|0|0|0|236|0|0|0|0|0|0|0|0|0|1996|0.1515|55|120|226700
1391|400|0|288|0|0|0|0|1456|0|722|30|0|0|96|0|0|1|0|0|0|0|0|0|0|1998|0.1515|55|120|216470
1392|397|0|320|0|0|0|0|2067.5|0|0|16.5|0|0|0|0|0|0|0|0|0|0|0|0|0|1996|0.1528|55|121|221220
1393|414|0|0|0|0|299|0|2232|0|0|42|0|0|0|0|0|0|0|0|0|0|0|0|100|1997|0.1616|55|128|239050
1394|380|0|0|0|0|0|0|2134|0|0|68|0|0|160|0|0|0|0|0|0|0|0|0|0|1996|0.1607|56|125|224710
1395|400|0|200|0|0|0|0|1848|0|0|52|0|0|0|0|0|0|0|0|0|0|0|0|0|1999|0.1452|55|115|212680
1396|420|0|240|0|0|0|0|1044|0|1096|60|0|0|0|0|0|0|0|0|0|0|0|0|0|2000|0.1832|70|114|221160
1397|399|0|0|0|0|0|0|1856|0|0|136|0|0|0|0|0|0|0|0|0|0|0|0|0|1998|0.2204|60|160|201910
1398|357|0|0|0|0|0|0|1351|0|0|132|0|0|0|0|0|0|0|0|0|0|0|0|0|1999|0.1584|60|115|176230
1399|398|0|480|0|168|0|0|1789|0|0|24|0|0|0|0|0|0|0|0|0|0|0|0|0|1995|0.1983|72|120|211350
1400|400|0|0|0|0|0|0|1404|0|1112|32|0|0|200|0|0|0|0|0|0|0|0|0|0|2000|0.3041|72|184|240630
1401|409|0|0|0|0|0|0|2366|0|0|213|0|0|72|0|0|0|0|0|0|0|0|0|0|1993|0.2067|0|0|245700
1402|402|0|0|0|0|0|0|2665.5|0|0|62.5|0|0|240|0|0|0|0|0|0|0|0|0|0|1993|0.1832|70|114|260720
1403|409|0|0|0|0|0|0|2531|0|0|453|0|0|0|270|0|0|80|0|0|0|0|0|0|1993|0.1701|65|114|261980
1404|420|0|375|0|0|0|0|2221|0|0|23|0|0|0|0|0|0|0|0|0|0|0|0|0|1993|0.157|60|114|232520
1405|378|0|0|0|0|0|0|1803|0|0|36|0|0|180|0|0|0|48|0|0|0|0|0|0|1993|0.1556|60|113|202440
1406|400|0|0|0|0|0|0|1517|0|840|75|0|0|178|0|0|0|0|0|0|0|0|0|0|1990|0.2039|80|111|223570
1407|444|0|0|0|0|0|0|2312|0|0|40|0|0|140|0|0|0|0|0|0|0|0|0|0|1986|0.2039|80|111|240060
1408|420|0|0|0|0|99|0|1922|0|0|158|0|0|0|0|0|0|0|0|0|0|0|0|0|1993|0.157|60|114|214250
1409|384|0|0|0|0|0|0|1406|0|936|20|0|0|88|0|0|0|0|0|0|0|0|0|0|1986|0.157|60|114|220710
1410|420|0|0|0|0|0|0|1135|0|1212|68|0|0|210|0|0|0|72|0|0|0|0|0|0|1993|0.1507|65|101|222970
1411|588|0|560|0|0|0|0|1751|0|1132|130|0|0|0|0|0|0|0|0|0|0|0|0|0|1990|0.253|0|0|261390
1412|440|0|0|0|0|0|0|2094|391|0|50|0|0|0|0|0|0|64|0|0|0|0|0|0|1993|0.2175|0|0|250160
1413|200|0|0|0|0|0|0|1333|0|1393|48|0|0|287|0|0|0|0|0|0|180|0|0|0|1993|0.2326|0|0|210750
1414|380|0|0|0|0|0|0|1906|0|0|45|0|0|0|54|0|0|0|0|0|0|0|0|0|1988|0.2023|0|0|212750
1415|421|0|0|0|0|0|0|1843|0|0|40|0|0|144|0|0|0|0|0|0|0|0|0|0|1987|0.1985|65|133|208640
1416|0|0|240|0|0|0|400|1344|0|1008|164|0|0|0|0|0|0|0|0|0|0|0|0|0|1986|0.2137|70|133|231720
1417|460|0|0|0|0|0|0|1825.5|0|0|31.5|0|0|360|0|0|0|0|0|0|0|0|0|0|1993|0.1832|60|133|207710
1418|380|0|0|0|0|0|0|2320|0|0|39|0|0|247|0|0|0|96|0|0|0|0|0|0|1992|0.1985|65|133|242900
1419|546|0|0|0|0|0|0|1958|0|0|42|0|0|132|0|0|0|96|0|0|0|0|0|0|1990|0.1832|60|133|217990
1420|384|0|70|0|0|0|0|1406|0|936|20|0|0|88|0|0|0|0|0|0|0|0|0|0|1987|0.2137|70|133|226440
1421|400|0|216|0|0|0|0|1939.5|0|0|166|0|0|0|0|0|0|0|0|0|0|0|0|0|1993|0.1832|60|133|216970
1422|420|0|0|0|0|0|0|2777|0|0|402|0|0|120|0|0|0|192|0|0|54|0|0|320|1989|0.1985|65|133|283820
1423|420|0|253|0|0|0|0|1922|0|0|353|0|0|0|0|0|0|0|0|0|0|0|0|0|1993|0.1832|60|133|218640
1424|440|0|0|0|0|0|0|2094|0|0|18|0|0|80|0|0|0|0|0|0|0|0|0|0|1993|0.1985|65|133|222930
1425|417|0|0|0|0|0|0|2211|0|0|61|0|0|117|0|0|0|0|0|0|0|0|0|0|1993|0.1832|60|133|229820
1426|440|0|0|0|0|0|0|2446|0|240|48|0|0|0|140|0|0|0|0|0|0|0|0|0|1988|0.2137|70|133|257670
1427|408|0|0|0|0|224|0|1933.5|0|0|68.5|0|0|156|0|0|0|80|0|0|0|0|0|0|1993|0.1832|60|133|219310
1428|399|0|525|0|0|0|0|2093|0|0|154|0|0|0|0|0|0|0|0|0|0|0|0|0|1991|0.1985|65|133|230360
1429|458|0|144|0|0|0|0|1138|0|1032|43|0|0|0|0|0|1|0|0|0|0|0|0|0|1993|0.1985|65|133|217660
1430|438|0|110|0|0|0|0|2611|0|0|42|0|0|152|0|0|0|100|0|0|0|0|0|0|1987|0.2137|70|133|262350
1431|440|0|420|0|0|0|0|1557|0|1010|92|0|0|0|0|0|0|0|0|0|0|0|0|0|1990|0.1985|65|133|241450
1432|444|0|0|0|0|0|0|2774|0|0|48|0|0|146|0|0|0|0|0|0|0|0|0|0|1986|0.2137|70|133|269910
1433|398|0|221|0|0|0|0|1775|0|0|24|0|0|0|0|0|0|0|0|0|0|0|0|0|1994|0.1995|0|0|192580
1434|417|0|0|0|0|0|0|2211|0|0|61|0|0|93|0|0|1|0|0|0|0|0|0|0|1993|0.2055|0|0|231460
1435|394|0|0|0|0|0|0|1140|0|1086|25|0|0|220|0|0|0|100|216|0|0|0|0|0|1993|0.2058|0|0|234270
1436|399|0|0|0|0|0|0|1356|0|1144|64|0|0|40|0|0|0|0|0|0|0|0|0|0|1999|0.1565|71|96|237320
1437|361|0|0|0|0|0|0|2295|0|0|69|0|0|0|270|0|0|0|0|0|0|0|0|0|1992|0.1626|65|109|237880
1438|484|0|191|0|0|0|0|1075|0|1090|28|0|0|0|0|0|0|0|0|0|0|0|0|0|1993|0.1501|60|109|213930
1439|361|0|0|0|340|0|0|2295|0|0|39|0|0|0|240|0|0|0|0|0|0|0|0|0|1992|0.1626|65|109|242580
1440|440|0|726|0|0|0|0|2693|0|0|30|0|0|0|0|0|0|0|0|0|0|0|0|0|1990|0.1626|65|109|268750
1441|420|0|228|0|0|0|0|1119|0|1121|25|0|0|140|0|0|0|0|0|0|0|0|0|0|1992|0.1501|60|109|217900
1442|384|0|0|0|0|0|0|1406|0|936|20|0|0|88|0|0|0|0|420|1|0|0|0|0|1986|0.1501|60|109|254220
1443|380|0|150|0|0|0|0|1170|0|1126|25|0|0|84|0|0|0|0|0|0|0|0|0|0|1993|0.153|68|98|223770
1444|421|0|486|0|0|144|0|1923|0|0|40|0|0|0|0|0|0|0|0|0|0|0|0|0|1987|0.286|0|0|230160
1445|441|0|0|0|0|0|0|1148|0|1350|20|0|0|140|130|0|0|0|0|0|0|0|0|0|1987|0.2025|0|0|235820
1446|552|0|320|80|0|0|0|1480|0|1328|400|0|0|120|0|0|0|80|0|0|0|0|0|0|1986|0.2596|0|0|266920
1447|396|0|0|0|0|0|0|1432|0|990|100|0|0|0|0|0|0|0|0|0|0|0|0|0|1990|0.096|69|99|227290
1448|361|0|0|0|0|0|0|2295|0|0|99|0|0|0|0|0|0|0|0|0|0|0|0|0|1992|0.168|0|0|235190
1449|514|0|0|0|0|0|0|1362|0|1353|21|0|0|0|0|0|0|0|0|0|0|0|0|0|1989|0.1832|70|114|244640
1450|440|0|0|0|0|0|0|2619|0|0|48|0|0|222|0|0|0|0|0|0|0|0|0|0|1988|0.1701|65|114|257200
1451|444|0|370|0|0|0|0|2312|0|0|40|0|0|0|0|0|0|0|0|0|0|0|0|0|1986|0.157|60|114|239040
1452|440|0|0|0|0|0|0|2010|0|0|32|0|0|180|0|0|0|0|0|0|0|0|0|0|1988|0.1701|65|114|217830
1453|444|0|0|0|0|0|0|2312|0|0|104|0|0|0|330|0|0|0|0|0|0|0|0|0|1987|0.1701|65|114|241890
1454|421|0|0|0|0|0|0|1843|0|0|40|0|0|144|0|0|0|0|0|0|0|0|0|0|1987|0.1768|70|110|206920
1455|552|0|150|0|0|300|0|1480|0|1328|120|0|0|0|0|0|0|100|0|0|0|0|0|0|1986|0.188|70|117|260620
1456|420|0|0|0|0|0|0|1760|396|0|140|0|0|0|0|0|0|0|0|0|0|0|0|0|1986|0.1791|65|120|204550
1457|381|0|0|0|0|0|0|1684|0|1045|55|0|0|80|0|0|0|0|0|0|0|0|0|0|1986|0.1791|65|120|233480
1458|444|0|0|0|0|0|0|2312|0|0|40|0|0|140|0|0|0|0|0|0|0|0|0|0|1986|0.1653|60|120|237170
1459|420|0|0|0|0|0|0|1505|0|1490|52|0|0|216|0|0|0|0|0|0|0|0|0|0|1986|0.1791|65|120|258960
1460|462|0|0|0|0|0|0|2499|0|0|38|0|0|0|143|0|0|0|0|0|0|0|0|0|1986|0.1928|70|120|246150
1461|384|0|0|0|0|0|0|1406|0|936|20|0|0|88|0|0|0|0|0|0|0|0|0|0|1987|0.1215|49|120|222490
1462|504|0|892|0|0|0|0|1344|0|1008|140|0|0|0|0|0|0|0|0|0|0|0|0|0|1986|0.1314|109|105|238370
1463|0|0|0|0|0|0|484|1344|0|1008|164|0|0|0|0|0|0|0|0|0|0|0|0|0|1986|0.2559|0|0|234040
1464|384|0|0|0|0|0|0|1406|0|936|20|0|0|0|188|0|0|0|0|0|0|0|0|0|1986|0.1135|86|115|218350
1465|420|0|0|0|0|0|0|1505|0|1490|52|0|0|0|360|0|0|0|0|0|0|0|0|0|1986|0.1194|100|104|264190
1466|443|0|0|0|0|0|0|1506|0|1001|20|0|0|190|224|0|0|72|0|0|0|0|0|0|1987|0.1381|62|110|237300
1467|484|0|561|0|0|0|0|1753|0|954|85|85|0|0|0|0|0|48|0|0|56|0|0|0|1989|0.1768|70|110|252420
1468|369|0|0|0|0|0|0|1669|0|0|40|0|0|144|0|0|0|100|0|0|0|0|0|0|1987|0.1641|65|110|194370
1469|351|0|0|0|0|0|0|1959|0|0|32|0|0|110|0|0|0|0|0|0|0|0|0|0|1987|0.1641|65|110|212350
1470|420|0|0|0|0|0|0|1505|0|1490|52|0|0|81|0|0|0|24|0|0|0|0|0|0|1986|0.1641|65|110|257430
1471|594|0|0|0|0|0|0|1362|0|1353|21|0|0|0|144|0|0|0|0|0|0|0|0|0|1988|0.1768|70|110|248430
1472|396|0|0|0|0|0|0|1450|0|1350|28|0|0|96|0|0|0|100|0|0|0|0|0|0|1992|0.1768|70|110|249430
1473|402|0|0|0|0|0|0|2665.5|0|0|25|0|0|240|0|0|0|0|0|0|0|0|0|0|1993|0.1686|65|113|259110
1474|458|0|0|0|0|0|0|1138|0|1090|43|0|0|144|0|0|0|80|0|0|0|0|0|0|1993|0.1556|60|113|216930
1475|520|0|0|0|0|0|0|1958|0|0|42|0|0|0|0|0|0|0|0|0|60|0|0|0|1992|0.1686|65|113|216970
1476|420|0|351|0|0|0|0|2221|0|0|23|0|0|0|0|0|0|0|0|0|0|0|0|0|1993|0.1556|60|113|232190
1477|525|0|0|0|0|0|0|2113.5|0|0|139.5|0|0|0|0|0|0|0|0|0|0|0|0|0|1992|0.1686|65|113|229010
1478|493|0|0|0|0|0|0|2025|0|0|207|0|0|0|0|0|0|36|312|0|70|0|0|0|1987|0.1556|60|113|246730
1479|380|0|0|0|0|0|0|1090|0|1125|24|0|0|192|0|0|0|0|0|0|0|0|0|0|1988|0.1686|65|113|215100
1480|440|0|0|0|0|0|0|2358|0|0|35|0|0|0|0|0|0|0|0|0|0|0|0|0|1988|0.1556|60|113|240810
1481|0|0|0|0|0|0|529|1432|0|900|150|0|0|0|0|0|0|0|0|0|0|0|0|0|1988|0.1832|76|105|227710
1482|462|0|0|0|0|0|0|1336|0|817|25|0|0|0|0|0|0|0|0|0|0|0|0|0|1996|0.1612|60|117|211440
1483|420|0|0|0|0|0|0|829|0|1173|32|0|0|54|0|0|0|0|0|0|0|0|0|0|1997|0.1503|55|119|201600
1484|399|0|0|0|0|0|0|1445|0|0|9|0|0|100|0|0|0|0|0|0|0|0|0|0|2000|0.1515|55|120|181010
1485|380|0|0|0|0|0|0|2177|0|0|60|0|0|0|128|0|0|0|0|0|0|0|0|0|1998|0.1515|55|120|230070
1486|380|0|0|0|311|0|0|1840|0|0|30|0|0|0|0|0|0|0|0|0|0|0|0|0|2000|0.1515|55|120|216850
1487|399|0|100|0|0|0|0|1445|0|0|9|0|0|0|0|0|0|0|0|0|0|0|0|0|2000|0.1515|55|120|182170
1488|410|0|0|0|0|0|0|1352|0|807|18|0|0|0|240|0|0|0|0|0|0|0|0|0|1995|0.1625|60|118|214180
1489|380|0|0|0|0|0|0|834|0|1146|150|0|0|20|0|0|0|0|0|0|0|0|0|0|1988|0.1446|60|105|202080
1490|398|0|378|0|0|0|0|2191|0|0|44|0|0|112|0|0|0|0|0|0|66|0|0|0|1994|0.2655|0|0|244110
1491|380|0|0|0|0|0|0|1755|0|0|10|0|0|168|0|0|0|0|0|0|0|0|0|0|1996|0.1446|60|105|198540
1492|420|0|504|0|0|0|0|1502|0|0|12|0|0|0|0|0|0|0|0|0|0|0|0|0|1997|0.1477|55|117|184550
1493|384|0|0|0|0|0|0|2038|0|0|8|0|0|0|0|0|1|0|400|1|0|0|0|0|1994|0.1528|55|121|249630
1494|432|0|0|0|0|0|0|2202|0|0|35|0|0|216|0|0|0|0|0|0|0|0|0|0|1997|0.1528|55|121|229030
1495|420|0|0|0|0|0|0|829|0|1173|32|0|0|54|0|0|0|0|0|0|0|0|0|0|1996|0.1528|55|121|201840
1496|398|0|0|0|0|0|0|2191|0|0|44|0|0|632|0|0|0|0|0|0|66|0|0|0|1994|0.1528|55|121|234170
1497|420|0|0|0|0|0|0|1020|0|1339|40|0|0|144|0|0|0|0|0|0|0|0|0|0|1994|0.1528|55|121|222400
1498|398|0|0|0|0|0|0|2191|0|0|44|0|0|112|0|0|0|0|0|0|66|0|0|0|1994|0.1961|70|122|235270
1499|378|0|198|0|0|0|0|1366|0|0|62|0|0|0|0|0|0|0|0|0|0|0|0|0|2001|0.1515|0|0|179380
1500|420|0|0|0|0|0|0|1805|0|0|25|0|0|0|250|0|0|0|0|0|0|0|0|0|2000|0.1515|0|0|213270
1501|399|0|0|0|0|0|0|1922|0|0|147|0|0|228|0|0|0|0|0|0|105|0|0|0|2002|0.1515|0|0|226000
1502|378|0|0|0|0|0|0|1366|0|0|194|0|0|0|0|0|0|0|0|0|0|0|0|0|2002|0.1515|0|0|183220
1503|380|0|0|0|0|0|0|1387|0|1123|24|0|0|0|468|0|0|0|0|0|0|0|0|0|2001|0.1515|0|0|247540
1504|399|0|0|0|0|0|0|1771|0|0|30|0|0|0|120|0|0|0|0|0|0|0|0|0|2001|0.1515|0|0|210910
1505|418|0|0|0|0|0|0|2045|0|0|84|0|0|0|0|0|0|0|0|0|0|0|0|0|2000|0.1135|0|0|224470
1506|380|0|0|0|0|0|0|1818|283|0|52|0|0|0|0|0|0|0|0|1|0|0|507|0|2001|0.2059|0|0|257430
1507|400|0|0|0|0|0|0|1400|0|1095|332|0|0|0|0|0|0|48|0|0|0|0|0|0|2001|0.2895|0|0|256060
1508|438|0|0|0|0|0|0|1158|0|1638|180|0|0|0|108|0|0|100|0|0|0|0|0|0|2001|0.1587|0|0|264070
1509|450|0|0|0|0|0|0|1526|0|1055|116|0|0|0|0|0|0|0|288|1|0|0|0|0|2002|0.1515|0|0|280010
1510|380|0|0|0|0|0|0|1838|0|0|49|0|0|200|0|0|0|0|0|0|0|0|0|0|2001|0.1515|0|0|214890
1511|380|0|0|0|0|0|0|1818|0|0|52|0|0|0|0|0|0|0|0|0|0|0|0|0|2001|0.1515|0|0|209970
1512|399|0|0|0|0|0|0|1922|0|0|69|0|0|64|0|0|0|100|0|0|0|0|0|0|2002|0.1515|0|0|223900
1513|380|0|72|0|280|0|0|1371|0|1123|24|0|0|0|0|0|0|80|0|0|0|0|0|0|2001|0.1515|0|0|247360
1514|380|0|0|0|0|0|0|1818|0|0|52|0|0|0|0|0|0|0|0|0|0|0|0|0|2001|0.1515|0|0|212510
1515|400|0|120|0|0|0|0|1400|0|1161|32|0|0|0|360|0|0|0|0|0|0|0|0|0|2003|0.1515|0|0|256420
1516|420|0|0|0|0|0|0|1323|0|1650|24|0|0|226|0|0|0|0|0|0|0|0|0|0|2002|0.1515|0|0|255750
1517|400|0|176|0|0|0|0|1400|0|1095|32|0|0|0|0|0|0|0|0|0|0|0|0|0|2002|0.1515|0|0|245510
1518|418|0|140|0|0|0|0|2045|0|0|20|0|0|0|0|0|0|0|0|0|0|0|0|0|2001|0.1515|0|0|230710
1519|480|0|0|0|200|0|0|1843|0|0|66|0|0|0|0|0|0|0|0|0|0|0|0|0|2002|0.1515|0|0|225130
1520|420|0|360|0|0|0|0|1020|0|1339|40|0|0|0|0|0|0|216|0|0|0|0|0|0|1994|0.1777|60|129|231270
1521|399|0|0|0|0|0|0|1445|0|0|9|0|0|0|0|0|0|0|0|0|0|0|0|0|1999|0.1718|58|129|182920
1522|384|0|0|0|0|0|0|2038|0|0|404|0|0|0|0|0|0|0|0|0|0|0|0|0|1994|0.1718|58|129|222820
1523|399|0|0|0|0|0|0|1856|0|0|136|0|0|0|0|0|0|0|0|0|0|0|0|0|1999|0.1718|58|129|214160
1524|394.5|0|0|0|0|0|0|2068.5|0|0|20|0|0|164|0|0|0|0|0|0|0|0|0|0|1998|0.1658|56|129|222670
1525|384|0|0|0|0|0|0|2038|0|0|24|0|0|144|0|0|0|0|0|0|0|0|0|0|1994|0.1777|60|129|219070
1526|400|0|0|0|0|0|0|2031|0|0|35|0|0|0|390|0|0|100|0|0|0|0|0|0|1998|0.1718|58|129|223770
1527|410|0|334|0|0|0|0|1352|0|807|18|0|0|0|0|0|0|0|0|0|0|0|0|0|1994|0.1658|56|129|216490
1528|400|0|59.5|0|0|0|0|912|0|1100|35|0|0|0|0|0|0|0|0|0|0|0|0|0|1999|0.1658|56|129|210440
1529|380|0|0|0|0|0|0|1765|0|0|30|0|0|144|0|0|0|100|0|0|0|0|0|0|1998|0.1658|56|129|203130
1530|415|0|0|0|0|0|0|1024.5|0|1468|15|0|0|0|0|0|0|80|0|0|0|0|0|0|1994|0.1658|56|129|233950
1531|389|0|360|0|0|0|0|1694|0|0|33|0|0|70|0|0|0|0|0|0|0|0|0|0|1996|0.1658|56|129|198270
1532|382|0|0|0|0|0|0|2198|0|0|60|0|0|228|0|0|1|0|0|0|0|0|0|0|1994|0.1658|56|129|229590
1533|420|0|0|0|0|0|0|1109|0|1299|35|0|0|120|0|0|0|0|0|0|0|0|0|0|1996|0.1658|56|129|226010
1534|415|0|0|0|0|0|0|1049.5|0|1478|115|0|0|0|0|0|0|0|0|0|0|0|0|0|1996|0.1636|57|125|232810
1535|400|0|0|0|0|0|0|2031|0|0|35|0|0|260|0|0|0|0|0|0|0|0|0|0|1998|0.1528|55|121|217370
1536|399|0|0|0|0|0|0|1445|0|0|205|0|0|0|0|0|0|0|0|0|0|0|0|0|2000|0.1543|56|120|183680
1537|398|0|0|0|0|0|0|1775|0|0|24|0|0|144|0|0|0|0|0|0|0|0|0|0|1995|0.1653|60|120|200870
1538|398|0|336|0|0|0|0|2084|0|0|40|0|0|0|0|0|0|0|0|0|66|0|0|0|1995|0.1653|60|120|226070
1539|461|0|0|0|0|0|0|1927|0|0|30|0|0|0|0|0|0|0|0|0|0|0|0|0|2005|0.1543|56|120|230370
1540|400|0|0|0|0|0|0|1040|0|1438|24|0|0|0|360|0|0|0|0|0|0|0|0|0|1997|0.1607|56|125|232990
1541|400|0|0|0|0|0|0|2304|0|0|24|0|0|107.5|0|0|0|0|0|0|0|0|0|0|1998|0.1658|56|129|237990
1542|476|0|0|0|0|0|0|884|0|1306|76|0|0|155|0|0|0|0|0|0|0|0|0|0|1994|0.1658|56|129|215590
1543|414|0|0|0|0|0|0|2232|0|0|42|0|0|300|0|0|0|0|0|0|0|0|0|0|1997|0.1658|56|129|232200
1544|396|0|0|0|0|0|0|2252|0|0|51|0|0|32|0|0|0|0|0|0|0|0|0|0|1997|0.1658|56|129|232160
1545|432|0|0|0|0|0|0|2202|0|0|35|0|0|77|0|0|0|0|0|0|0|0|0|0|1997|0.1658|56|129|215170
1546|419|0|196|0|0|0|0|1341|0|733|26|0|0|0|0|0|0|0|0|0|0|0|0|0|2000|0.1658|56|129|217690
1547|380|0|240|0|0|0|0|1903|0|0|175|0|0|0|0|0|0|100|0|0|0|0|0|0|1999|0.1658|0|0|216580
1548|432|0|408|0|0|0|0|2202|0|0|35|0|0|0|0|0|0|0|0|0|0|0|0|0|1997|0.1718|58|129|231340
1549|394.5|0|225|0|0|0|0|2068.5|0|0|20|0|0|0|196|0|0|36|0|0|0|0|0|0|1999|0.1718|58|129|232650
1550|420|0|0|0|0|0|0|1020|0|1339|40|0|0|600|0|0|0|0|0|0|0|0|0|0|1994|0.1718|58|129|225920
1551|430|0|0|0|0|0|0|2216|0|0|128|0|0|0|0|0|0|0|0|0|0|0|0|0|1998|0.1718|58|129|234230
1552|420|0|174|0|0|0|0|1469|0|0|12|0|0|0|0|0|0|0|0|0|0|0|0|0|1997|0.1718|58|129|181980
1553|398|0|0|0|0|0|0|1775|0|0|24|0|0|0|144|0|0|0|0|0|0|0|0|0|1994|0.1718|58|129|202670
1554|415|0|272|0|0|0|0|1024.5|0|1468|15|0|0|0|0|0|0|0|0|0|0|0|0|0|1994|0.1777|60|129|236700
1555|398|0|0|0|0|0|0|1368|0|1817|40|0|144|52.5|0|0|0|0|0|0|63|0|0|0|1997|0.2795|0|0|268740
1556|400|0|0|0|0|0|0|2419|0|0|36|0|0|0|490|0|0|96|0|0|0|0|0|0|1998|0.2227|0|0|243130
1557|420|0|0|0|0|0|0|2809|0|0|47|0|0|465|288|0|0|0|0|0|0|0|0|0|1999|0.2638|0|0|275330
1558|400|0|0|0|0|0|0|1358|0|1653|24|0|0|1050|0|0|0|0|0|0|0|0|0|0|1997|0.3222|0|0|260820
1559|420|0|0|0|0|0|0|1556|0|1672|24|0|0|144|0|0|0|0|0|0|0|0|0|0|1997|0.3317|0|0|275500
1560|424|0|251.5|0|0|0|0|1590|0|1816|35|0|0|0|0|0|0|96|0|0|0|0|0|0|1998|0.3371|0|0|283460
1561|400|0|416|0|0|0|0|1358|0|1653|24|0|0|0|0|0|0|0|0|0|0|0|0|0|1999|0.2839|0|0|263800
1562|379|0|0|0|0|0|0|1583|0|1817|40|0|0|600|154|0|0|96|512|1|0|0|0|0|1997|0.2356|0|0|295000
1563|520|0|60|0|0|0|0|2402|0|0|125|0|0|0|0|0|0|0|0|0|0|0|0|0|1998|0.2363|0|0|240860
1564|438|0|0|0|0|0|0|1254|0|1691|180|0|0|96|0|0|0|120|0|0|0|0|0|0|2002|0.2054|0|0|262310
1565|379|0|440|0|0|0|0|1583|0|1817|40|0|0|0|0|0|0|108|0|0|0|0|0|0|1998|0.4017|0|0|293410
1566|420|0|198|0|0|0|0|1565|0|1996|24|0|0|0|0|0|0|0|0|0|0|0|0|0|1999|0.3371|0|0|297040
1567|379|0|455|0|0|0|0|1583|307.5|1817|40|0|0|0|0|0|0|80|525|1|0|0|0|0|2000|0.2331|0|0|340530
1568|399|0|0|144|144|0|0|1606|0|1955|15|0|0|0|508|0|0|80|450|1|0|0|0|0|2000|0.205|0|0|334060
1569|379|0|0|0|0|0|0|1583|0|1817|40|0|0|100|0|0|0|0|0|0|0|0|0|0|2000|0.1967|0|0|279620
1570|388|0|0|0|0|0|0|2352|0|1608|82|0|0|660|0|0|0|0|0|0|0|0|0|0|2002|0.2018|0|0|300000
1571|379|0|0|0|0|0|0|1583|0|1817|40|0|0|0|200|0|0|0|0|0|0|0|0|0|2000|0.3862|0|0|297600
1572|404|0|500|0|0|0|0|2315|0|0|15|0|0|0|0|0|0|0|0|1|0|0|0|0|2001|0.1724|0|0|251090
1573|399|0|160|0|0|0|0|1586|0|1955|15|0|0|0|0|0|0|80|0|0|0|0|0|0|2000|0.2178|0|0|258000
1574|438|0|0|0|0|0|0|1254|0|1691|180|0|0|0|0|0|0|0|0|0|0|0|0|0|2002|0.1515|0|0|268660
1575|420|0|0|0|0|0|0|1877|0|0|191|0|0|0|0|0|0|0|0|0|0|0|0|0|2003|0.1515|0|0|223810
1576|400|0|0|0|0|0|0|1400|0|1112|32|0|0|420|0|0|0|0|0|0|0|0|0|0|2002|0.1515|0|0|246120
1577|400|0|0|0|0|0|0|1268|0|1732|92|0|0|64|0|0|0|0|0|0|0|0|0|0|2003|0.1515|0|0|277210
1578|399|0|0|0|0|0|0|1922|0|0|69|0|0|64|0|0|0|0|0|0|0|0|0|0|2002|0.1515|0|0|222920
1579|380|0|0|0|0|0|0|1838|0|0|49|0|0|0|0|0|0|0|0|0|0|0|0|0|2002|0.1515|0|0|213440
1580|440|0|108|0|0|0|0|1831.5|0|0|163.5|0|0|0|0|0|0|80|0|0|0|0|0|0|2002|0.1515|0|0|220960
1581|400|0|280|0|0|0|0|1400|0|1095|32|0|0|0|0|0|0|80|0|0|0|0|0|0|2003|0.1515|0|0|249190
1582|450|0|430.5|0|0|0|0|1526|0|1055|193|0|0|0|0|0|0|80|0|0|0|0|0|0|2002|0.1515|0|0|256390
1583|441|0|0|0|0|0|0|1147|0|1595|28|0|0|560|0|0|0|0|0|0|0|0|0|0|2001|0.1515|0|0|258120
1584|440|0|0|0|192|0|0|1831.5|0|0|67.5|0|0|0|0|0|0|0|0|0|0|0|0|0|2002|0.1515|0|0|218320
1585|400|0|0|0|0|0|0|1400|0|1095|32|0|0|572|0|0|0|100|0|0|0|0|0|0|2002|0.1515|0|0|243590
1586|609|0|0|0|0|0|0|1720|0|1424|100|0|0|0|0|0|0|0|0|0|0|0|0|0|2001|0.1515|0|0|278960
1587|420|0|0|0|0|0|0|1797|0|0|200|0|0|0|0|0|0|0|0|0|0|0|0|0|2003|0.1515|0|0|218050
1588|472|0|0|0|0|0|0|2110|0|0|448|0|0|0|0|0|0|0|0|0|0|0|0|0|2003|0.1515|0|0|244820
1589|399|0|0|0|0|0|0|2061|0|702|154|0|0|153|0|0|0|0|0|0|0|0|0|0|2003|0.1515|0|0|257940
1590|400|0|0|0|0|0|0|1400|0|1095|32|0|0|100|0|0|0|0|0|0|0|0|0|0|2001|0.1515|0|0|241180
1591|609|0|0|0|0|0|0|1720|0|1424|530|0|0|0|0|0|0|140|0|0|0|0|0|0|2002|0.1515|0|0|292180
1592|380|0|0|0|0|0|0|967|0|1112|32|0|0|0|0|0|0|0|0|0|0|0|0|0|2001|0.1515|0|0|215850
1593|400|0|0|0|0|0|0|1400|0|1095|32|0|0|672|0|0|0|0|0|0|0|0|0|0|2002|0.1515|0|0|246300
1594|399|0|0|0|0|0|0|1922|0|0|553|0|0|0|0|0|0|0|0|0|0|0|0|0|2002|0.1515|0|0|229470
1595|418|0|0|0|0|0|0|1395|0|0|12|0|0|716|0|0|0|0|0|0|0|0|0|0|2000|0.1515|0|0|183050
1596|450|0|0|0|0|0|0|1526|0|1055|193|0|0|0|0|0|0|0|0|0|0|0|0|0|2002|0.1515|0|0|251500
1597|398|0|0|0|0|0|0|1750|0|0|16|0|0|36|0|0|0|0|0|0|0|0|0|0|2001|0.1515|0|0|207520
1598|399|0|0|0|0|0|0|1922|0|0|69|0|0|96|0|0|0|0|0|0|0|0|0|0|2002|0.1515|0|0|223070
1599|400|0|0|0|0|0|0|1400|0|1095|32|0|0|0|0|0|0|0|0|0|0|0|0|0|2000|0.1515|0|0|238260
1600|400|0|0|0|0|0|0|1400|0|1214|32|0|0|200|0|0|0|0|0|0|0|0|0|0|2001|0.1515|0|0|248490
1601|399|0|0|0|0|0|0|1922|0|0|299|0|0|0|0|0|0|0|0|0|0|0|0|0|2002|0.1515|0|0|225970
1602|380|0|0|0|0|0|0|1818|0|0|12|0|0|100|0|0|0|0|0|0|0|0|0|0|2001|0.1515|0|0|212360
1603|380|0|200|0|0|0|0|1480|0|0|16|0|0|0|0|0|0|0|0|0|0|0|0|0|2002|0.1515|0|0|189030
1604|441|0|0|0|0|0|0|1479|0|1016|21|0|0|100|0|0|0|0|0|0|0|0|0|0|2002|0.1515|0|0|244180
1605|380|0|0|0|0|0|0|928|0|1107|35|0|0|215.5|0|0|0|0|0|0|0|0|0|0|2001|0.1515|0|0|214310
1606|418|0|0|0|0|0|0|2045|0|0|364|0|0|0|0|0|0|0|0|0|0|0|0|0|2001|0.1515|0|0|233310
1607|421|0|0|0|0|0|0|1316|0|911|34|0|0|64|0|0|0|0|0|0|0|0|0|0|2001|0.1515|0|0|225760
1608|378|0|110|0|0|0|0|1922|0|0|68|0|0|0|0|0|0|100|0|0|0|0|0|0|2001|0.1515|0|0|222880
